place(-20.530, 1.000, -12.146, "Brawler", 600)
upgrade(-20.530,2.350,-12.146,1,652)
place(-6.312, 1.866, 17.684, "Farm", 250)
upgrade(-6.312,2.991,17.684,1,570)
upgrade(-6.312,2.991,17.684,1,631)
place(-9.882, 1.866, 17.678, "Farm", 250)
place(-26.014, 1.000, -10.535, "Brawler", 600)
upgrade(-9.882,2.991,17.678,1,353)
upgrade(-9.882,2.991,17.678,1,754)
place(-24.181, 1.000, -6.236, "Brawler", 600)
place(-25.958, 1.000, -8.294, "Brawler", 600)
place(-18.375, 1.000, -11.639, "Brawler", 600)
place(-18.180, 1.000, -9.609, "Brawler", 600)
upgrade(-18.180,2.350,-9.609,1,375)
upgrade(-18.375,2.350,-11.639,1,796)
upgrade(-24.181,2.350,-6.236,1,496)
upgrade(-25.958,2.350,-8.294,1,696)
upgrade(-26.014,2.350,-10.535,1,404)
place(-2.675, 1.866, 17.656, "Farm", 250)
upgrade(-2.675,2.991,17.656,1,312)
upgrade(-2.675,2.991,17.656,1,914)
place(-2.761, 1.866, 21.420, "Farm", 250)
upgrade(-2.761,2.991,21.420,1,1581)
upgrade(-2.761,2.991,21.420,1,1385)
place(-6.336, 1.866, 21.422, "Farm", 250)
upgrade(-6.336,2.991,21.422,1,1134)
upgrade(-6.336,2.991,21.422,1,971)
place(-10.236, 1.866, 21.371, "Farm", 250)
upgrade(-10.236,2.991,21.371,1,1406)
upgrade(-10.236,2.991,21.371,1,1207)
place(-2.821, 1.866, 25.121, "Farm", 250)
upgrade(-2.821,2.991,25.121,1,2066)
upgrade(-2.821,2.991,25.121,1,1876)
place(-6.675, 1.866, 25.428, "Farm", 250)
upgrade(-6.675,2.991,25.428,1,1266)
upgrade(-6.675,2.991,25.428,1,1082)
place(-14.376, 1.000, -9.059, "Hacker", 1400)
upgrade(-14.376,2.403,-9.059,1,2704)
upgrade(-14.376,2.403,-9.059,1,2114)
upgrade(-9.882,2.991,17.678,1,3437)
upgrade(-6.312,2.991,17.684,1,2437)
upgrade(-2.675,2.991,17.656,1,3937)
upgrade(-10.236,2.991,21.371,1,3377)
upgrade(-6.336,2.991,21.422,1,2582)
upgrade(-2.761,2.991,21.420,1,1846)
upgrade(-6.675,2.991,25.428,1,1110)
place(-10.414, 1.866, 25.210, "Farm", 250)
upgrade(-2.821,2.991,25.121,1,5704)
upgrade(-18.375,2.350,-11.639,1,5408)
upgrade(-18.180,2.350,-9.609,1,4558)
upgrade(-20.530,2.350,-12.146,1,3825)
upgrade(-24.181,2.350,-6.236,1,2975)
upgrade(-25.958,2.350,-8.294,1,2345)
upgrade(-26.014,2.350,-10.535,1,1495)
upgrade(-26.014,2.350,-10.535,1,6649)
upgrade(-26.014,2.350,-10.535,1,5734)
upgrade(-20.530,2.350,-12.146,1,3008)
upgrade(-20.530,2.350,-12.146,1,5272)
upgrade(-18.375,2.350,-11.639,1,2005)
upgrade(-18.375,2.350,-11.639,1,6430)
upgrade(-18.180,2.350,-9.609,1,2208)
upgrade(-18.180,2.350,-9.609,1,9125)
upgrade(-24.181,2.350,-6.236,1,4453)
upgrade(-24.181,2.350,-6.236,1,5458)
upgrade(-25.958,2.350,-8.294,1,2658)
upgrade(-25.958,2.350,-8.294,1,7919)
place(25.428, 1.000, 11.785, "Mercenary Base", 2000)
upgrade(25.428,0.975,11.785,1,10241)
upgrade(25.428,0.975,11.785,1,9403)
place(20.880, 1.000, 11.968, "Mercenary Base", 2000)
upgrade(20.880,0.975,11.968,1,13618)
upgrade(20.880,0.975,11.968,1,11156)
place(-5.469, 1.000, 9.637, "Mercenary Base", 2000)
upgrade(-5.469,0.975,9.637,1,8778)
upgrade(-5.469,0.975,9.637,1,7428)
upgrade(-5.469,0.975,9.637,1,13846)
upgrade(20.880,0.975,11.968,1,8007)
upgrade(25.428,0.975,11.785,1,10167)
upgrade(20.880,0.975,11.968,1,16720)
upgrade(20.880,0.975,11.968,1,22374)
Ability1(20.880,0.975,11.968,1,21.834,1.125,16.789,nil,"Air-Drop","24/42")
upgrade(20.880,0.975,11.968,1,39325)
upgrade(25.428,0.975,11.785,1,16257)
upgrade(25.428,0.975,11.785,1,19622)
upgrade(25.428,0.975,11.785,1,38107)
Ability1(20.880,0.975,11.968,1,21.658,1.125,15.954,nil,"Air-Drop","28/55")
Ability1(25.428,0.975,11.785,1,21.303,1.125,15.954,nil,"Air-Drop","28/54")
upgrade(-5.469,0.975,9.637,1,12232)
upgrade(-5.469,0.975,9.637,1,15984)
upgrade(-5.469,0.975,9.637,1,36945)
place(-12.331, 1.000, -3.125, "Engineer", 600)
upgrade(-12.331,2.350,-3.125,1,19008)
upgrade(-12.331,2.350,-3.125,1,22658)
upgrade(-12.331,2.350,-3.125,1,27234)
upgrade(-12.331,2.350,-3.125,1,27328)
upgrade(-12.331,2.350,-3.125,1,27833)
Ability1(20.880,0.975,11.968,1,20.451,1.125,16.168,nil,"Air-Drop","31/4")
Ability1(25.428,0.975,11.785,1,20.093,1.125,16.165,nil,"Air-Drop","31/3")
Ability1(-5.469,0.975,9.637,1,20.521,1.125,16.167,nil,"Air-Drop","31/2")
upgrade(-12.331,2.350,-3.125,1,52752)
place(-9.322, 1.000, -3.331, "Engineer", 600)
upgrade(-9.322,2.350,-3.331,1,32014)
upgrade(-9.322,2.350,-3.331,1,31664)
upgrade(-9.322,2.350,-3.331,1,31119)
upgrade(-9.322,2.350,-3.331,1,28879)
upgrade(-9.322,2.350,-3.331,1,24139)
upgrade(-9.322,2.350,-3.331,1,41735)
place(-12.313, 1.000, 0.081, "Engineer", 600)
upgrade(-12.313,2.350,0.081,1,21871)
upgrade(-12.313,2.350,0.081,1,21522)
upgrade(-12.313,2.350,0.081,1,20995)
upgrade(-12.313,2.350,0.081,1,18721)
upgrade(-12.313,2.350,0.081,1,19452)
upgrade(-12.313,2.350,0.081,1,52291)
place(-9.199, 1.000, -0.208, "Engineer", 600)
upgrade(-9.199,2.350,-0.208,1,39509)
upgrade(-9.199,2.350,-0.208,1,39161)
upgrade(-9.199,2.350,-0.208,1,38611)
upgrade(-9.199,2.350,-0.208,1,42003)
upgrade(-9.199,2.350,-0.208,1,41511)
upgrade(-9.199,2.350,-0.208,1,56611)
Ability1(-5.469,0.975,9.637,1,5.729,1.125,6.481,nil,"Air-Drop","35/1'23")
Ability1(-5.469,0.975,9.637,1,4.998,1.125,6.489,nil,"Air-Drop","35/1'23")
Ability1(20.880,0.975,11.968,1,-3.849,1.125,-5.373,nil,"Air-Drop","35/1'22")
place(-9.008, 1.000, 2.806, "Engineer", 600)
upgrade(-9.008,2.350,2.806,1,89128)
upgrade(-9.008,2.350,2.806,1,88778)
upgrade(-9.008,2.350,2.806,1,88231)
upgrade(-9.008,2.350,2.806,1,89278)
upgrade(-9.008,2.350,2.806,1,94957)
upgrade(-9.008,2.350,2.806,1,82028)
place(-12.328, 1.000, 3.205, "Engineer", 600)
upgrade(-12.328,2.350,3.205,1,82684)
upgrade(-12.328,2.350,3.205,1,82453)
upgrade(-12.328,2.350,3.205,1,81909)
upgrade(-12.328,2.350,3.205,1,79655)
upgrade(-12.328,2.350,3.205,1,75161)
upgrade(-12.328,2.350,3.205,1,65367)
upgrade(-14.376,2.403,-9.059,1,61361)
upgrade(-14.376,2.403,-9.059,1,53861)
place(-8.007, 1.000, 6.338, "Engineer", 600)
upgrade(-14.376,2.403,-9.059,1,74918)
place(-4.793, 1.000, -8.972, "Hacker", 1400)
upgrade(-4.793,2.403,-8.972,1,36914)
upgrade(-4.793,2.403,-8.972,1,36314)
upgrade(-4.793,2.403,-8.972,1,81773)
upgrade(-4.793,2.403,-8.972,1,74273)
Ability1(-5.469,0.975,9.637,1,9.751,1.125,6.268,nil,"Air-Drop","38/1'12")
Ability1(20.880,0.975,11.968,1,9.776,1.125,6.268,nil,"Air-Drop","38/1'11")
Ability1(25.428,0.975,11.785,1,9.772,1.125,6.268,nil,"Air-Drop","38/5")
upgrade(-4.793,2.403,-8.972,1,87471)
Ability1(-5.469,0.975,9.637,1,9.501,1.125,6.869,nil,"Air-Drop","40/0")
Ability1(-5.469,0.975,9.637,1,9.250,1.125,6.874,nil,"Air-Drop","40/0")
Ability1(20.880,0.975,11.968,1,8.953,1.125,6.880,nil,"Air-Drop","40/0")
