place(-20.610, 1.000, -12.269, "Brawler", 600)
upgrade(-20.610,2.350,-12.269,1,520)
place(-5.116, 1.866, 18.832, "Farm", 250)
upgrade(-5.116,2.991,18.832,1,216)
upgrade(-5.116,2.991,18.832,1,581)
place(-8.886, 1.866, 18.996, "Farm", 250)
place(-25.905, 1.000, -10.019, "Brawler", 600)
upgrade(-8.886,2.991,18.996,1,529)
upgrade(-8.886,2.991,18.996,1,1178)
place(-18.442, 1.000, -10.403, "Brawler", 600)
place(-23.756, 1.000, -6.622, "Brawler", 600)
place(-18.276, 1.000, -12.740, "Brawler", 600)
place(-26.029, 1.000, -7.601, "Brawler", 600)
upgrade(-18.442,2.350,-10.403,1,575)
upgrade(-25.905,2.350,-10.019,1,1496)
upgrade(-26.029,2.350,-7.601,1,1196)
upgrade(-23.756,2.350,-6.622,1,903)
upgrade(-18.276,2.350,-12.740,1,620)
place(-15.033, 1.000, -9.167, "Hacker", 1400)
upgrade(-15.033,2.403,-9.167,1,1224)
upgrade(-15.033,2.403,-9.167,1,2309)
place(-5.269, 1.866, 22.895, "Farm", 250)
upgrade(-5.269,2.991,22.895,1,1794)
upgrade(-5.269,2.991,22.895,1,1727)
place(-8.974, 1.866, 22.786, "Farm", 250)
upgrade(-8.974,2.991,22.786,1,1128)
upgrade(-8.974,2.991,22.786,1,945)
place(-13.177, 1.866, 23.042, "Farm", 250)
upgrade(-13.177,2.991,23.042,1,1103)
upgrade(-13.177,2.991,23.042,1,1287)
place(-13.308, 1.866, 19.349, "Farm", 250)
upgrade(-13.308,2.991,19.349,1,1789)
upgrade(-13.308,2.991,19.349,1,1591)
place(-5.194, 1.866, 26.834, "Farm", 250)
upgrade(-5.194,2.991,26.834,1,931)
upgrade(-5.194,2.991,26.834,1,747)
upgrade(-13.308,2.991,19.349,1,2588)
upgrade(-8.886,2.991,18.996,1,1588)
upgrade(-5.116,2.991,18.832,1,2838)
upgrade(-13.177,2.991,23.042,1,1838)
upgrade(-8.974,2.991,22.786,1,1542)
upgrade(-5.269,2.991,22.895,1,1187)
upgrade(-5.194,2.991,26.834,1,1855)
place(-9.196, 1.866, 26.449, "Farm", 250)
upgrade(-9.196,2.991,26.449,1,4155)
upgrade(-9.196,2.991,26.449,1,3955)
upgrade(-9.196,2.991,26.449,1,3405)
upgrade(-25.905,2.350,-10.019,1,2655)
upgrade(-26.029,2.350,-7.601,1,2258)
upgrade(-23.756,2.350,-6.622,1,1457)
upgrade(-20.610,2.350,-12.269,1,1016)
upgrade(-18.276,2.350,-12.740,1,1466)
upgrade(-18.442,2.350,-10.403,1,1100)
upgrade(-20.610,2.350,-12.269,1,4425)
upgrade(-20.610,2.350,-12.269,1,6141)
upgrade(-25.905,2.350,-10.019,1,5263)
upgrade(-25.905,2.350,-10.019,1,5125)
upgrade(-18.276,2.350,-12.740,1,2382)
upgrade(-18.276,2.350,-12.740,1,5234)
upgrade(-18.442,2.350,-10.403,1,2690)
upgrade(-18.442,2.350,-10.403,1,7008)
upgrade(-26.029,2.350,-7.601,1,2344)
upgrade(-26.029,2.350,-7.601,1,5384)
upgrade(-23.756,2.350,-6.622,1,3028)
upgrade(-23.756,2.350,-6.622,1,5645)
place(25.355, 1.000, 11.607, "Mercenary Base", 2000)
upgrade(25.355,0.975,11.607,1,8009)
upgrade(25.355,0.975,11.607,1,6659)
place(20.478, 1.000, 11.546, "Mercenary Base", 2000)
upgrade(20.478,0.975,11.546,1,7349)
upgrade(20.478,0.975,11.546,1,9964)
place(-5.010, 1.000, 9.271, "Mercenary Base", 2000)
upgrade(-5.010,0.975,9.271,1,6781)
upgrade(-5.010,0.975,9.271,1,5597)
upgrade(25.355,0.975,11.607,1,11281)
upgrade(20.478,0.975,11.546,1,10976)
upgrade(-5.010,0.975,9.271,1,8420)
upgrade(25.355,0.975,11.607,1,10743)
upgrade(25.355,0.975,11.607,1,16213)
upgrade(25.355,0.975,11.607,1,36753)
upgrade(20.478,0.975,11.546,1,12243)
upgrade(20.478,0.975,11.546,1,16407)
upgrade(20.478,0.975,11.546,1,38838)
upgrade(-5.010,0.975,9.271,1,12433)
upgrade(-5.010,0.975,9.271,1,14759)
upgrade(-5.010,0.975,9.271,1,36292)
place(-12.124, 1.000, -3.350, "Engineer", 600)
upgrade(-12.124,2.350,-3.350,1,11692)
upgrade(-12.124,2.350,-3.350,1,12342)
upgrade(-12.124,2.350,-3.350,1,9673)
upgrade(-12.124,2.350,-3.350,1,8813)
upgrade(-12.124,2.350,-3.350,1,20121)
upgrade(-12.124,2.350,-3.350,1,36080)
place(-9.108, 1.000, -3.601, "Engineer", 600)
upgrade(-9.108,2.350,-3.601,1,19580)
upgrade(-9.108,2.350,-3.601,1,20565)
upgrade(-9.108,2.350,-3.601,1,20330)
upgrade(-9.108,2.350,-3.601,1,17321)
upgrade(-9.108,2.350,-3.601,1,8474)
upgrade(-9.108,2.350,-3.601,1,37936)
place(-12.163, 1.000, 0.042, "Engineer", 600)
upgrade(-12.163,2.350,0.042,1,11836)
upgrade(-12.163,2.350,0.042,1,13135)
upgrade(-12.163,2.350,0.042,1,15886)
upgrade(-12.163,2.350,0.042,1,15136)
upgrade(-12.163,2.350,0.042,1,14386)
upgrade(-12.163,2.350,0.042,1,36918)
place(-9.070, 1.000, 0.669, "Engineer", 600)
upgrade(-9.070,2.350,0.669,1,32352)
upgrade(-9.070,2.350,0.669,1,32002)
upgrade(-9.070,2.350,0.669,1,33327)
upgrade(-9.070,2.350,0.669,1,31434)
upgrade(-9.070,2.350,0.669,1,26684)
upgrade(-9.070,2.350,0.669,1,38484)
place(-9.089, 1.000, 3.874, "Engineer", 600)
upgrade(-9.089,2.350,3.874,1,30701)
upgrade(-9.089,2.350,3.874,1,30354)
upgrade(-9.089,2.350,3.874,1,29803)
upgrade(-9.089,2.350,3.874,1,31551)
upgrade(-9.089,2.350,3.874,1,31801)
upgrade(-9.089,2.350,3.874,1,37001)
place(-12.313, 1.000, 3.291, "Engineer", 600)
upgrade(-12.313,2.350,3.291,1,19376)
upgrade(-12.313,2.350,3.291,1,19028)
upgrade(-12.313,2.350,3.291,1,28476)
upgrade(-12.313,2.350,3.291,1,31226)
upgrade(-12.313,2.350,3.291,1,27226)
upgrade(-12.313,2.350,3.291,1,37502)
upgrade(-15.033,2.403,-9.167,1,20097)
upgrade(-15.033,2.403,-9.167,1,27445)
upgrade(-15.033,2.403,-9.167,1,79897)
place(-4.569, 1.000, -9.119, "Hacker", 1400)
upgrade(-4.569,2.403,-9.119,1,33623)
upgrade(-4.569,2.403,-9.119,1,33023)
upgrade(-4.569,2.403,-9.119,1,32617)
upgrade(-4.569,2.403,-9.119,1,36367)
upgrade(-4.569,2.403,-9.119,1,78267)
Ability1(-5.010,0.975,9.271,1,14.680,1.125,6.916,nil,"Air-Drop","39/1'52")
Ability1(20.478,0.975,11.546,1,14.898,1.125,7.009,nil,"Air-Drop","39/1'51")
Ability1(25.355,0.975,11.607,1,15.273,1.125,7.269,nil,"Air-Drop","39/1'50")
upgrade(-25.905,2.350,-10.019,1,208459)
upgrade(-26.029,2.350,-7.601,1,197814)
upgrade(-23.756,2.350,-6.622,1,185314)
upgrade(-20.610,2.350,-12.269,1,183564)
upgrade(-18.276,2.350,-12.740,1,172694)
upgrade(-18.442,2.350,-10.403,1,167233)
Ability1(-5.010,0.975,9.271,1,18.775,1.125,15.284,nil,"Air-Drop","40/0")
Ability1(20.478,0.975,11.546,1,18.632,1.125,15.245,nil,"Air-Drop","40/0")
Ability1(25.355,0.975,11.607,1,16.938,1.125,14.529,nil,"Air-Drop","40/0")
