PlaceTower("Shotgunner", -18.173,1.000,-1.923, 660)
PlaceTower("Shotgunner", -18.032,1.000,-3.977, 360)
VoteSkipWave(0, 0)
AutoSkipVote()
PlaceTower("Shotgunner", -18.031,1.000,-6.089, 543)
PlaceTower("Shotgunner", -18.029,1.000,-8.147, 303)
UpgradeTower(-18.029, -8.147, 441)
setTarget("Last", -18.029, -8.147, 43)
setTarget("Strongest", -18.029, -8.147, 43)
UpgradeTower(-18.029, -8.147, 1055)
UpgradeTower(-18.031, -6.089, 254)
UpgradeTower(-18.031, -6.089, 1055)
UpgradeTower(-18.032, -3.977, 245)
UpgradeTower(-18.032, -3.977, 1136)
UpgradeTower(-18.173, -1.923, 186)
UpgradeTower(-18.173, -1.923, 1527)
PlaceTower("Military Base", 25.206,1.000,12.401, 607)
UpgradeTower(25.206, 12.401, 223)
UpgradeTower(25.206, 12.401, 1823)
UpgradeTower(25.206, 12.401, 1808)
PlaceTower("Military Base", 24.263,1.000,18.729, 1128)
UpgradeTower(24.263, 18.729, 1002)
UpgradeTower(24.263, 18.729, 802)
UpgradeTower(24.263, 18.729, 1881)
PlaceTower("Hacker", -10.130,1.000,-9.005, 2629)
UpgradeTower(-10.130, -9.005, 1469)
UpgradeTower(-10.130, -9.005, 1506)
PlaceTower("Hacker", 4.546,1.000,-3.354, 1806)
UpgradeTower(4.546, -3.354, 1138)
UpgradeTower(4.546, -3.354, 1307)
UpgradeTower(25.206, 12.401, 7937)
UpgradeTower(24.263, 18.729, 10067)
PlaceTower("Military Base", 20.450,1.000,12.313, 2966)
UpgradeTower(20.450, 12.313, 2869)
UpgradeTower(20.450, 12.313, 2671)
UpgradeTower(20.450, 12.313, 2269)
useAbility1("Airstrike", 25.206, 12.401, 1, -20.571, 1.125, -3.195, 140.240, 258)
useAbility1("Airstrike", 24.263, 18.729, 1, -20.616, 1.125, -4.683, 141.360, 261)
UpgradeTower(20.450, 12.313, 8230)
PlaceTower("Military Base", 19.656,1.000,19.170, 3367)
UpgradeTower(19.656, 19.170, 3295)
UpgradeTower(19.656, 19.170, 3096)
UpgradeTower(19.656, 19.170, 2696)
UpgradeTower(19.656, 19.170, 8750)
PlaceTower("Military Base", 27.958,1.000,21.465, 1778)
UpgradeTower(27.958, 21.465, 1681)
UpgradeTower(27.958, 21.465, 1481)
UpgradeTower(27.958, 21.465, 2265)
UpgradeTower(27.958, 21.465, 9273)
PlaceTower("Mercenary Base", 20.900,1.000,5.912, 7754)
UpgradeTower(20.900, 5.912, 5637)
UpgradeTower(20.900, 5.912, 4416)
UpgradeTower(20.900, 5.912, 11696)
PlaceTower("Mercenary Base", 15.054,1.000,19.101, 5516)
UpgradeTower(15.054, 19.101, 2766)
useAbility1("Airstrike", 20.450, 12.313, 1, -20.456, 1.125, -1.089, 137.593, 366)
useAbility1("Airstrike", 19.656, 19.170, 1, -19.113, 1.125, 1.642, 133.235, 369)
useAbility1("Airstrike", 25.206, 12.401, 1, -20.523, 1.125, -3.482, 140.240, 371)
useAbility1("Airstrike", 24.263, 18.729, 1, -20.473, 1.125, -1.833, 138.300, 372)
useAbility1("Airstrike", 27.958, 21.465, 1, -18.108, 1.125, 1.856, 131.743, 372)
UpgradeTower(15.054, 19.101, 9564)
UpgradeTower(15.054, 19.101, 8760)
PlaceTower("Mercenary Base", 7.712,1.000,9.374, 7713)
UpgradeTower(7.712, 9.374, 4963)
UpgradeTower(7.712, 9.374, 3637)
UpgradeTower(7.712, 9.374, 9355)
PlaceTower("Engineer", 1.453,1.000,-3.171, 4246)
UpgradeTower(1.453, -3.171, 5021)
UpgradeTower(1.453, -3.171, 4673)
UpgradeTower(1.453, -3.171, 4132)
UpgradeTower(1.453, -3.171, 5071)
UpgradeTower(1.453, -3.171, 17853)
PlaceTower("Engineer", -1.622,1.000,-3.094, 4953)
UpgradeTower(-1.622, -3.094, 7677)
UpgradeTower(-1.622, -3.094, 8506)
UpgradeTower(-1.622, -3.094, 7979)
UpgradeTower(-1.622, -3.094, 5742)
UpgradeTower(-1.622, -3.094, 14275)
useAbility1("Airstrike", 20.450, 12.313, 1, -22.620, 1.125, -8.297, 147.690, 478)
useAbility1("Airstrike", 19.656, 19.170, 1, -20.734, 1.125, -5.025, 141.360, 479)
useAbility1("Airstrike", 25.206, 12.401, 1, -20.785, 1.125, -4.933, 140.240, 480)
useAbility1("Airstrike", 24.263, 18.729, 1, -20.809, 1.125, -5.793, 142.420, 481)
UpgradeTower(-1.622, -3.094, 46122)
UpgradeTower(1.453, -3.171, 35319)
useAbility1("Airstrike", 20.450, 12.313, 1, -20.317, 1.125, -7.097, 144.001, 577)
useAbility1("Airstrike", 19.656, 19.170, 1, -21.656, 1.125, -8.558, 146.662, 577)
useAbility1("Airstrike", 19.656, 19.170, 1, -21.469, 1.125, -8.608, 146.662, 577)
useAbility1("Airstrike", 25.206, 12.401, 1, -21.469, 1.125, -8.608, 146.662, 579)
useAbility1("Airstrike", 25.206, 12.401, 1, -20.259, 1.125, -7.813, 144.605, 579)
useAbility1("Airstrike", 25.206, 12.401, 1, -20.296, 1.125, -7.348, 144.001, 580)
useAbility1("Airstrike", 25.206, 12.401, 1, -20.296, 1.125, -7.348, 142.420, 580)
useAbility1("Airstrike", 25.206, 12.401, 1, -20.326, 1.125, -5.576, 142.420, 580)
useAbility1("Airstrike", 25.206, 12.401, 1, 5.041, 1.125, 7.492, 27.540, 580)
UpgradeTower(7.712, 9.374, 78344)
UpgradeTower(7.712, 9.374, 68374)
UpgradeTower(7.712, 9.374, 44800)
UpgradeTower(20.900, 5.912, 18844)
UpgradeTower(20.900, 5.912, 18844)
UpgradeTower(20.900, 5.912, 8844)
UpgradeTower(20.900, 5.912, 8844)
UpgradeTower(20.900, 5.912, 8844)
UpgradeTower(20.900, 5.912, 8844)
UpgradeTower(20.900, 5.912, 8844)
useAbility1("Air-Drop", 7.712, 9.374, 1, 7.670, 1.125, 7.333, 132.072, 586)
useAbility1("Airstrike", 24.263, 18.729, 1, -12.816, 1.125, -5.844, 120.180, 589)
useAbility1("Airstrike", 24.263, 18.729, 1, -12.905, 1.125, -5.756, 124.924, 589)
useAbility1("Airstrike", 27.958, 21.465, 1, -14.346, 1.125, -3.876, 123.347, 589)
useAbility1("Airstrike", 27.958, 21.465, 1, -12.914, 1.125, -5.759, 120.180, 590)
UpgradeTower(20.900, 5.912, 35873)
UpgradeTower(20.900, 5.912, 26900)
UpgradeTower(20.900, 5.912, 23999)
UpgradeTower(20.900, 5.912, 23145)
UpgradeTower(20.900, 5.912, 23145)
UpgradeTower(20.900, 5.912, 22811)
UpgradeTower(20.900, 5.912, 22737)
useAbility1("Air-Drop", 20.900, 5.912, 1, 15.040, 1.125, 7.684, 137.034, 601)
useAbility1("Air-Drop", 20.900, 5.912, 1, 14.917, 1.125, 7.644, 137.034, 601)
UpgradeTower(20.900, 5.912, 42773)
UpgradeTower(15.054, 19.101, 10438)
UpgradeTower(15.054, 19.101, 17742)
SetTower("Unit 3", "Riot Guard", 15.054, 19.101, 624)
SetTower("Unit 3", "Field Medic", 15.054, 19.101, 626)
useAbility1("Air-Drop", 15.054, 19.101, 1, 16.418, 1.125, 10.812, 140.596, 631)
useAbility1("Airstrike", 20.450, 12.313, 1, 3.170, 1.125, -8.697, 98.537, 634)
useAbility1("Airstrike", 20.450, 12.313, 1, 5.627, 1.125, -13.396, 92.165, 634)
useAbility1("Airstrike", 25.206, 12.401, 1, 5.627, 1.125, -13.396, 92.165, 634)
useAbility1("Airstrike", 19.656, 19.170, 1, 5.878, 1.125, -13.355, 92.165, 635)
useAbility1("Airstrike", 24.263, 18.729, 1, 5.878, 1.125, -13.355, 92.165, 635)
useAbility1("Airstrike", 27.958, 21.465, 1, -21.761, 1.125, -8.589, 147.212, 644)
UpgradeTower(15.054, 19.101, 49526)
PlaceTower("Engineer", -2.602,1.000,2.359, 37991)
UpgradeTower(-2.602, 2.359, 39839)
UpgradeTower(-2.602, 2.359, 39759)
UpgradeTower(-2.602, 2.359, 39624)
UpgradeTower(-2.602, 2.359, 37418)
UpgradeTower(-2.602, 2.359, 32735)
useAbility1("Air-Drop", 7.712, 9.374, 1, 18.671, 1.125, 15.686, 147.277, 670)
useAbility1("Air-Drop", 7.712, 9.374, 1, 18.671, 1.125, 15.686, 147.277, 670)
useAbility1("Air-Drop", 7.712, 9.374, 1, 18.665, 1.125, 15.685, 147.277, 670)
useAbility1("Air-Drop", 7.712, 9.374, 1, 18.665, 1.125, 15.685, 147.277, 670)
useAbility1("Air-Drop", 7.712, 9.374, 1, 18.665, 1.125, 15.685, 147.277, 670)
useAbility1("Air-Drop", 7.712, 9.374, 1, 18.665, 1.125, 15.685, 147.277, 670)
useAbility1("Air-Drop", 7.712, 9.374, 1, 18.665, 1.125, 15.685, 147.277, 670)
useAbility1("Air-Drop", 7.712, 9.374, 1, 18.665, 1.125, 15.685, 147.277, 670)
useAbility1("Air-Drop", 7.712, 9.374, 1, 18.665, 1.125, 15.685, 147.277, 670)
useAbility1("Air-Drop", 7.712, 9.374, 1, 18.665, 1.125, 15.685, 147.277, 672)
useAbility1("Air-Drop", 7.712, 9.374, 1, 18.665, 1.125, 15.685, 147.277, 672)
UpgradeTower(-2.602, 2.359, 47361)
PlaceTower("Engineer", 0.150,1.000,4.086, 19452)
UpgradeTower(0.150, 4.086, 25950)
UpgradeTower(0.150, 4.086, 26331)
UpgradeTower(0.150, 4.086, 26405)
UpgradeTower(0.150, 4.086, 24242)
UpgradeTower(0.150, 4.086, 20463)
useAbility1("Air-Drop", 20.900, 5.912, 1, 14.380, 1.125, 7.269, 137.034, 681)
useAbility1("Air-Drop", 20.900, 5.912, 1, 14.543, 1.125, 7.331, 137.034, 681)
UpgradeTower(0.150, 4.086, 38625)
PlaceTower("Engineer", 2.614,1.000,2.208, 15162)
UpgradeTower(2.614, 2.208, 15875)
UpgradeTower(2.614, 2.208, 15544)
UpgradeTower(2.614, 2.208, 15635)
UpgradeTower(2.614, 2.208, 13939)
UpgradeTower(2.614, 2.208, 16555)
UpgradeTower(2.614, 2.208, 36652)
StopAutoSkipVote()
PlaceTower("Engineer", 5.571,1.000,3.585, 21358)
UpgradeTower(5.571, 3.585, 21107)
UpgradeTower(5.571, 3.585, 20758)
UpgradeTower(5.571, 3.585, 20210)
UpgradeTower(5.571, 3.585, 17997)
UpgradeTower(5.571, 3.585, 13285)
useAbility1("Airstrike", 20.450, 12.313, 1, -14.701, 1.125, -3.639, 123.347, 738)
useAbility1("Airstrike", 20.450, 12.313, 1, -20.636, 1.125, 0.206, 136.443, 738)
useAbility1("Airstrike", 20.450, 12.313, 1, -11.946, 1.125, -5.359, 116.983, 738)
useAbility1("Airstrike", 20.450, 12.313, 1, -10.681, 1.125, -5.343, 116.983, 738)
useAbility1("Airstrike", 20.450, 12.313, 1, -10.089, 1.125, -5.340, 114.367, 738)
useAbility1("Airstrike", 20.450, 12.313, 1, -9.598, 1.125, -5.340, 114.367, 738)
useAbility1("Airstrike", 19.656, 19.170, 1, -9.624, 1.125, -5.340, 114.367, 738)
useAbility1("Airstrike", 25.206, 12.401, 1, -10.213, 1.125, -5.341, 116.983, 738)
useAbility1("Airstrike", 25.206, 12.401, 1, -10.326, 1.125, -5.341, 116.983, 738)
useAbility1("Airstrike", 24.263, 18.729, 1, -10.551, 1.125, -5.342, 116.983, 739)
useAbility1("Airstrike", 24.263, 18.729, 1, -10.693, 1.125, -5.343, 116.983, 739)
useAbility1("Airstrike", 27.958, 21.465, 1, -10.806, 1.125, -5.344, 116.983, 739)
UpgradeTower(5.571, 3.585, 27440)
UpgradeTower(5.571, 3.585, 27440)
UpgradeTower(5.571, 3.585, 41056)
useAbility1("Air-Drop", 7.712, 9.374, 1, 12.896, 1.125, 7.483, 134.652, 764)
useAbility1("Air-Drop", 20.900, 5.912, 1, 13.263, 1.125, 7.477, 136.157, 765)
useAbility1("Air-Drop", 15.054, 19.101, 1, 13.283, 1.125, 7.479, 136.157, 765)
UpgradeTower(-10.130, -9.005, 29637)
UpgradeTower(-10.130, -9.005, 14268)
useAbility1("Airstrike", 20.450, 12.313, 1, 12.892, 1.125, 6.692, 114.367, 787)
useAbility1("Airstrike", 19.656, 19.170, 1, -8.553, 1.125, -5.411, 114.367, 787)
useAbility1("Airstrike", 19.656, 19.170, 1, -9.011, 1.125, -5.423, 114.367, 788)
useAbility1("Airstrike", 25.206, 12.401, 1, -9.270, 1.125, -5.430, 116.983, 788)
useAbility1("Airstrike", 25.206, 12.401, 1, -10.703, 1.125, -5.471, 116.983, 788)
useAbility1("Airstrike", 27.958, 21.465, 1, -10.768, 1.125, -5.473, 116.983, 788)
useAbility1("Airstrike", 27.958, 21.465, 1, -10.683, 1.125, -5.470, 116.983, 789)
UpgradeTower1(-10.130, -9.005, 32192)
VoteSkipWave(36, 96)
UpgradeTower(4.546, -3.354, 31343)
UpgradeTower(4.546, -3.354, 23916)
UpgradeTower1(4.546, -3.354, 60364)
VoteSkipWave(37, 98)
UpgradeTower(20.450, 12.313, 52093)
UpgradeTower(25.206, 12.401, 33999)
UpgradeTower(24.263, 18.729, 36474)
useAbility1("Air-Drop", 20.900, 5.912, 1, 15.110, 1.125, -5.377, 81.388, 842)
useAbility1("Air-Drop", 20.900, 5.912, 1, 14.431, 1.125, -4.995, 82.255, 842)
useAbility1("Air-Drop", 20.900, 5.912, 1, 14.393, 1.125, -4.974, 82.255, 842)
useAbility1("Air-Drop", 20.900, 5.912, 1, 14.393, 1.125, -4.974, 82.255, 842)
useAbility1("Air-Drop", 20.900, 5.912, 1, 14.393, 1.125, -4.974, 82.255, 842)
useAbility1("Air-Drop", 20.900, 5.912, 1, 14.431, 1.125, -4.995, 82.255, 842)
useAbility1("Air-Drop", 20.900, 5.912, 1, 14.431, 1.125, -4.995, 82.255, 842)
useAbility1("Air-Drop", 7.712, 9.374, 1, 14.393, 1.125, -4.974, 82.255, 843)
useAbility1("Air-Drop", 7.712, 9.374, 1, 14.884, 1.125, -5.462, 81.388, 846)
useAbility1("Air-Drop", 15.054, 19.101, 1, 14.850, 1.125, -5.340, 81.388, 848)
useAbility1("Air-Drop", 15.054, 19.101, 1, 14.850, 1.125, -5.340, 81.388, 848)
useAbility1("Air-Drop", 15.054, 19.101, 1, 14.850, 1.125, -5.340, 81.388, 848)
useAbility1("Air-Drop", 15.054, 19.101, 1, 14.850, 1.125, -5.340, 81.388, 848)
useAbility1("Air-Drop", 15.054, 19.101, 1, 14.850, 1.125, -5.340, 81.388, 848)
useAbility1("Air-Drop", 15.054, 19.101, 1, 14.850, 1.125, -5.340, 81.388, 848)
useAbility1("Air-Drop", 15.054, 19.101, 1, 14.850, 1.125, -5.340, 81.388, 848)
useAbility1("Air-Drop", 15.054, 19.101, 1, 14.850, 1.125, -5.340, 81.388, 848)
useAbility1("Air-Drop", 15.054, 19.101, 1, 14.850, 1.125, -5.340, 81.388, 848)
useAbility1("Air-Drop", 15.054, 19.101, 1, 14.850, 1.125, -5.340, 81.388, 848)
useAbility1("Air-Drop", 15.054, 19.101, 1, 14.850, 1.125, -5.340, 81.388, 848)
useAbility1("Air-Drop", 15.054, 19.101, 1, 14.850, 1.125, -5.340, 81.388, 848)
useAbility1("Air-Drop", 15.054, 19.101, 1, 14.850, 1.125, -5.340, 81.388, 848)
useAbility1("Air-Drop", 15.054, 19.101, 1, 14.850, 1.125, -5.340, 81.388, 848)
UpgradeTower(19.656, 19.170, 39554)
UpgradeTower(19.656, 19.170, 39554)
UpgradeTower(19.656, 19.170, 30562)
UpgradeTower(19.656, 19.170, 25106)
UpgradeTower(19.656, 19.170, 25106)
UpgradeTower(19.656, 19.170, 23708)
UpgradeTower(19.656, 19.170, 23577)
useAbility1("Airstrike", 20.450, 12.313, 1, 0.822, 1.125, -5.584, 105.720, 861)
useAbility1("Airstrike", 20.450, 12.313, 1, 0.849, 1.125, -5.580, 105.720, 861)
useAbility1("Airstrike", 20.450, 12.313, 1, 0.815, 1.125, -5.585, 105.720, 861)
useAbility1("Airstrike", 20.450, 12.313, 1, 0.671, 1.125, -5.606, 105.720, 861)
useAbility1("Airstrike", 20.450, 12.313, 1, 0.616, 1.125, -5.614, 105.720, 861)
useAbility1("Airstrike", 20.450, 12.313, 1, 0.561, 1.125, -5.622, 106.951, 861)
useAbility1("Airstrike", 20.450, 12.313, 1, -0.359, 1.125, -5.659, 106.951, 861)
useAbility1("Airstrike", 20.450, 12.313, 1, 0.549, 1.125, -5.623, 105.720, 861)
useAbility1("Airstrike", 20.450, 12.313, 1, 2.316, 1.125, -5.227, 104.910, 861)
useAbility1("Airstrike", 20.450, 12.313, 1, 3.416, 1.125, -5.844, 102.320, 861)
useAbility1("Airstrike", 20.450, 12.313, 1, 3.416, 1.125, -5.844, 102.320, 861)
useAbility1("Airstrike", 25.206, 12.401, 1, 3.420, 1.125, -5.898, 102.320, 861)
useAbility1("Airstrike", 19.656, 19.170, 1, 2.148, 1.125, -5.291, 104.910, 862)
useAbility1("Airstrike", 24.263, 18.729, 1, -0.202, 1.125, -5.653, 106.951, 862)
useAbility1("Airstrike", 24.263, 18.729, 1, -1.607, 1.125, -5.704, 108.919, 864)
useAbility1("Airstrike", 24.263, 18.729, 1, -2.257, 1.125, -5.725, 108.919, 864)
useAbility1("Airstrike", 27.958, 21.465, 1, -3.512, 1.125, -5.764, 108.919, 864)
useAbility1("Airstrike", 27.958, 21.465, 1, -4.722, 1.125, -5.798, 111.535, 864)
useAbility1("Airstrike", 27.958, 21.465, 1, -4.738, 1.125, -5.798, 111.535, 865)
useAbility1("Airstrike", 27.958, 21.465, 1, -4.190, 1.125, -5.783, 111.535, 865)
useAbility1("Airstrike", 27.958, 21.465, 1, -3.474, 1.125, -5.763, 108.919, 865)
useAbility1("Airstrike", 27.958, 21.465, 1, -2.783, 1.125, -5.742, 108.919, 865)
useAbility1("Airstrike", 27.958, 21.465, 1, -2.669, 1.125, -5.738, 108.919, 865)
useAbility1("Airstrike", 27.958, 21.465, 1, -1.240, 1.125, -5.691, 106.951, 865)
useAbility1("Airstrike", 27.958, 21.465, 1, -1.098, 1.125, -5.686, 106.951, 865)
useAbility1("Airstrike", 27.958, 21.465, 1, -0.039, 1.125, -5.647, 106.951, 865)
useAbility1("Airstrike", 27.958, 21.465, 1, 3.424, 1.125, -7.463, 100.527, 865)
VoteSkipWave(38, 80)
UpgradeTower(27.958, 21.465, 91408)
useAbility3("Hologram Tower", 4.546, -3.354, 7.712, 9.374, 12.233, 9.982, 882)
useAbility0("Hologram Tower", -10.130, -9.005, 883)
useAbility0("Hologram Tower", -10.130, -9.005, 885)
useAbility1("Air-Drop", 12.233, 9.982, 1, 16.853, 1.125, 12.416, 141.614, 899)
useAbility1("Air-Drop", 12.233, 9.982, 1, 16.830, 1.125, 12.593, 141.614, 899)
useAbility1("Air-Drop", 12.233, 9.982, 1, 16.830, 1.125, 12.593, 141.614, 899)
useAbility1("Air-Drop", 12.233, 9.982, 1, 16.830, 1.125, 12.593, 141.614, 899)
useAbility1("Air-Drop", 12.233, 9.982, 1, 16.830, 1.125, 12.593, 141.614, 899)
useAbility1("Air-Drop", 12.233, 9.982, 1, 16.830, 1.125, 12.593, 141.614, 899)
useAbility1("Air-Drop", 12.233, 9.982, 1, 16.830, 1.125, 12.593, 141.614, 899)
useAbility1("Air-Drop", 12.233, 9.982, 1, 16.830, 1.125, 12.593, 141.614, 899)
useAbility1("Air-Drop", 12.233, 9.982, 1, 16.830, 1.125, 12.593, 141.614, 900)
useAbility1("Air-Drop", 12.233, 9.982, 1, 16.842, 1.125, 12.503, 141.614, 900)
useAbility3("Hologram Tower", -10.130, -9.005, 20.900, 5.912, 25.935, 5.884, 920)
SetTower("Unit 1", "Riot Guard", 20.900, 5.912, 923)
SetTower("Unit 2", "Riot Guard", 20.900, 5.912, 924)
SetTower("Unit 3", "Riot Guard", 20.900, 5.912, 925)
SetTower("Unit 1", "Riot Guard", 15.054, 19.101, 930)
SetTower("Unit 1", "Riot Guard", 7.712, 9.374, 938)
SetTower("Unit 1", "Riot Guard", 25.935, 5.884, 941)
SetTower("Unit 1", "Riot Guard", 12.233, 9.982, 944)
SetTower("Unit 2", "Riot Guard", 15.054, 19.101, 949)
SetTower("Unit 3", "Riot Guard", 15.054, 19.101, 950)
SetTower("Unit 2", "Riot Guard", 7.712, 9.374, 957)
SetTower("Unit 3", "Riot Guard", 7.712, 9.374, 958)
SetTower("Unit 2", "Riot Guard", 12.233, 9.982, 961)
SetTower("Unit 3", "Riot Guard", 12.233, 9.982, 962)
useAbility3("Hologram Tower", 4.546, -3.354, 7.712, 9.374, 12.316, 14.650, 967)
useAbility1("Air-Drop", 15.054, 19.101, 1, 16.866, 1.125, 12.478, 141.614, 969)
useAbility1("Air-Drop", 15.054, 19.101, 1, 16.901, 1.125, 12.121, 141.614, 969)
useAbility1("Air-Drop", 15.054, 19.101, 1, 16.915, 1.125, 11.983, 141.614, 969)
useAbility1("Air-Drop", 15.054, 19.101, 1, 16.898, 1.125, 12.151, 141.614, 969)
useAbility1("Air-Drop", 15.054, 19.101, 1, 16.885, 1.125, 12.283, 141.614, 969)
useAbility1("Air-Drop", 15.054, 19.101, 1, 16.885, 1.125, 12.283, 141.614, 969)
useAbility1("Air-Drop", 12.233, 9.982, 1, 16.889, 1.125, 12.239, 141.614, 969)
useAbility1("Air-Drop", 12.233, 9.982, 1, 16.890, 1.125, 12.234, 141.614, 969)
useAbility1("Air-Drop", 12.233, 9.982, 1, 16.893, 1.125, 12.205, 141.614, 969)
useAbility1("Air-Drop", 12.233, 9.982, 1, 16.865, 1.125, 12.497, 141.614, 969)
useAbility1("Air-Drop", 20.900, 5.912, 1, 16.865, 1.125, 12.497, 141.614, 970)
useAbility1("Air-Drop", 7.712, 9.374, 1, 16.857, 1.125, 12.580, 141.614, 970)
useAbility1("Air-Drop", 7.712, 9.374, 1, 16.860, 1.125, 12.551, 141.614, 970)
useAbility1("Air-Drop", 25.935, 5.884, 1, 16.860, 1.125, 12.551, 141.614, 970)
useAbility1("Air-Drop", 25.935, 5.884, 1, 16.860, 1.125, 12.551, 141.614, 971)
SetTower("Unit 1", "Riot Guard", 12.316, 14.650, 975)
SetTower("Unit 3", "Riot Guard", 12.316, 14.650, 978)
SetTower("Unit 2", "Riot Guard", 12.316, 14.650, 979)
SetTower("Unit 2", "Riot Guard", 25.935, 5.884, 986)
SetTower("Unit 3", "Riot Guard", 25.935, 5.884, 988)
useAbility1("Air-Drop", 12.316, 14.650, 1, 17.312, 1.125, 11.470, 140.596, 998)
useAbility1("Air-Drop", 12.316, 14.650, 1, 17.312, 1.125, 11.502, 140.596, 998)
useAbility1("Air-Drop", 12.316, 14.650, 1, 17.309, 1.125, 11.162, 140.596, 999)
useAbility3("Hologram Tower", -10.130, -9.005, 20.900, 5.912, 16.954, 2.794, 1008)
useAbility3("Hologram Tower", -10.130, -9.005, 20.900, 5.912, 21.219, 0.664, 1009)
useAbility1("Airstrike", 20.450, 12.313, 1, -7.515, 1.125, -6.188, 114.367, 1015)
useAbility1("Airstrike", 20.450, 12.313, 1, -7.058, 1.125, -6.183, 114.367, 1018)
useAbility1("Airstrike", 25.206, 12.401, 1, -7.105, 1.125, -6.183, 114.367, 1018)
useAbility1("Airstrike", 25.206, 12.401, 1, -7.105, 1.125, -6.183, 114.367, 1018)
useAbility1("Airstrike", 25.206, 12.401, 1, -7.105, 1.125, -6.183, 114.367, 1018)
useAbility1("Airstrike", 25.206, 12.401, 1, -7.105, 1.125, -6.183, 114.367, 1018)
useAbility1("Airstrike", 25.206, 12.401, 1, -7.105, 1.125, -6.183, 114.367, 1018)
useAbility1("Airstrike", 25.206, 12.401, 1, -7.105, 1.125, -6.183, 114.367, 1019)
useAbility1("Airstrike", 25.206, 12.401, 1, -7.105, 1.125, -6.183, 114.367, 1019)
useAbility1("Airstrike", 25.206, 12.401, 1, -7.105, 1.125, -6.183, 114.367, 1019)
useAbility1("Airstrike", 25.206, 12.401, 1, -6.446, 1.125, -6.176, 111.535, 1019)
useAbility1("Airstrike", 25.206, 12.401, 1, -6.467, 1.125, -6.176, 111.535, 1019)
useAbility1("Airstrike", 25.206, 12.401, 1, -6.264, 1.125, -6.174, 111.535, 1019)
useAbility1("Airstrike", 25.206, 12.401, 1, -6.296, 1.125, -6.174, 111.535, 1019)
useAbility1("Airstrike", 25.206, 12.401, 1, -6.296, 1.125, -6.174, 111.535, 1019)
useAbility1("Airstrike", 25.206, 12.401, 1, -6.296, 1.125, -6.174, 111.535, 1019)
useAbility1("Airstrike", 25.206, 12.401, 1, -2.510, 1.125, -6.112, 106.951, 1019)
useAbility1("Airstrike", 25.206, 12.401, 1, -0.926, 1.125, -6.070, 108.919, 1019)
useAbility1("Airstrike", 25.206, 12.401, 1, -7.551, 1.125, -6.188, 114.367, 1019)
useAbility1("Airstrike", 19.656, 19.170, 1, -5.066, 1.125, -6.158, 111.535, 1019)
useAbility1("Airstrike", 19.656, 19.170, 1, -5.219, 1.125, -6.160, 116.983, 1019)
useAbility1("Airstrike", 24.263, 18.729, 1, -10.094, 1.125, -6.210, 116.983, 1019)
useAbility1("Air-Drop", 16.954, 2.794, 1, 17.119, 1.125, 9.196, 138.835, 1024)
SetTower("Unit 1", "Riot Guard", 16.954, 2.794, 1026)
SetTower("Unit 2", "Riot Guard", 16.954, 2.794, 1027)
SetTower("Unit 3", "Riot Guard", 16.954, 2.794, 1028)
useAbility3("Hologram Tower", 4.546, -3.354, 20.900, 5.912, 12.730, 9.736, 1033)
useAbility1("Airstrike", 27.958, 21.465, 1, -2.466, 1.125, -5.580, 108.919, 1038)
SetTower("Unit 1", "Riot Guard", 12.730, 9.736, 1041)
SetTower("Unit 2", "Riot Guard", 12.730, 9.736, 1042)
SetTower("Unit 3", "Riot Guard", 12.730, 9.736, 1043)
useAbility1("Air-Drop", 20.900, 5.912, 1, 12.025, 1.125, -13.418, 69.935, 1049)
useAbility1("Air-Drop", 7.712, 9.374, 1, 11.853, 1.125, -13.422, 69.935, 1049)
useAbility1("Air-Drop", 7.712, 9.374, 1, 11.093, 1.125, -13.440, 68.879, 1049)
useAbility1("Air-Drop", 12.730, 9.736, 1, 11.074, 1.125, -13.441, 68.879, 1049)
useAbility1("Air-Drop", 12.730, 9.736, 1, 11.074, 1.125, -13.441, 68.879, 1050)
useAbility1("Air-Drop", 15.054, 19.101, 1, 11.074, 1.125, -13.441, 68.879, 1050)
useAbility1("Air-Drop", 15.054, 19.101, 1, 11.074, 1.125, -13.441, 68.879, 1050)
useAbility1("Airstrike", 20.450, 12.313, 1, 11.537, 1.125, -14.775, 92.165, 1061)
useAbility1("Airstrike", 20.450, 12.313, 1, 9.472, 1.125, -14.680, 88.493, 1061)
useAbility1("Airstrike", 20.450, 12.313, 1, 9.571, 1.125, -14.684, 88.493, 1061)
useAbility1("Airstrike", 20.450, 12.313, 1, 9.571, 1.125, -14.684, 88.493, 1061)
useAbility1("Airstrike", 20.450, 12.313, 1, 9.549, 1.125, -14.683, 88.493, 1061)
useAbility1("Airstrike", 20.450, 12.313, 1, 9.792, 1.125, -14.692, 88.493, 1061)
useAbility3("Hologram Tower", -10.130, -9.005, 7.712, 9.374, 14.617, -1.904, 1063)
useAbility1("Airstrike", 25.206, 12.401, 1, 15.174, 1.000, -2.734, 81.565, 1070)
useAbility1("Airstrike", 25.206, 12.401, 1, 16.028, 1.125, -13.323, 81.565, 1070)
useAbility1("Airstrike", 25.206, 12.401, 1, 16.101, 1.125, -13.064, 79.764, 1070)
useAbility1("Airstrike", 25.206, 12.401, 1, 16.124, 1.125, -12.921, 79.764, 1070)
useAbility1("Airstrike", 25.206, 12.401, 1, 16.183, 1.125, -12.451, 79.764, 1070)
useAbility1("Airstrike", 25.206, 12.401, 1, 16.184, 1.125, -12.449, 79.764, 1070)
useAbility1("Airstrike", 25.206, 12.401, 1, 16.279, 1.125, -11.403, 77.779, 1071)
useAbility1("Airstrike", 25.206, 12.401, 1, 16.279, 1.125, -11.376, 77.779, 1071)
useAbility1("Airstrike", 25.206, 12.401, 1, 16.279, 1.125, -11.376, 77.779, 1071)
useAbility1("Airstrike", 25.206, 12.401, 1, 16.279, 1.125, -11.376, 77.779, 1071)
useAbility1("Airstrike", 25.206, 12.401, 1, 16.279, 1.125, -11.376, 77.779, 1072)
useAbility1("Air-Drop", 12.316, 14.650, 1, 15.586, 1.125, -7.007, 81.388, 1073)
useAbility1("Air-Drop", 12.316, 14.650, 1, 15.586, 1.125, -7.007, 81.388, 1073)
useAbility1("Air-Drop", 12.316, 14.650, 1, 15.586, 1.125, -7.007, 81.388, 1073)
useAbility1("Airstrike", 25.206, 12.401, 1, 16.268, 1.125, -10.673, 77.779, 1075)
useAbility1("Airstrike", 25.206, 12.401, 1, 16.268, 1.125, -10.688, 77.779, 1075)
useAbility1("Airstrike", 19.656, 19.170, 1, 16.270, 1.125, -10.751, 77.779, 1076)
useAbility1("Airstrike", 19.656, 19.170, 1, 16.270, 1.125, -10.747, 77.779, 1076)
useAbility1("Airstrike", 24.263, 18.729, 1, 16.269, 1.125, -10.712, 77.779, 1076)
useAbility1("Air-Drop", 14.617, -1.904, 1, 6.984, 1.125, 0.677, 95.909, 1085)
useAbility1("Air-Drop", 14.617, -1.904, 1, 6.416, 1.125, 0.658, 97.421, 1085)
useAbility1("Air-Drop", 14.617, -1.904, 1, 6.416, 1.125, 0.658, 97.421, 1085)
useAbility1("Air-Drop", 14.617, -1.904, 1, 6.416, 1.125, 0.658, 97.421, 1085)
useAbility1("Air-Drop", 14.617, -1.904, 1, 6.416, 1.125, 0.658, 97.421, 1085)
useAbility1("Air-Drop", 14.617, -1.904, 1, 6.416, 1.125, 0.658, 97.421, 1085)
useAbility1("Air-Drop", 14.617, -1.904, 1, 6.416, 1.125, 0.658, 97.421, 1085)
useAbility1("Airstrike", 27.958, 21.465, 1, 10.408, 1.125, -0.504, 64.344, 1087)
useAbility3("Hologram Tower", 4.546, -3.354, 20.900, 5.912, 2.641, 10.440, 1099)
useAbility1("Air-Drop", 16.954, 2.794, 1, -1.428, 1.125, 7.377, 121.223, 1104)
useAbility1("Air-Drop", 16.954, 2.794, 1, -1.346, 1.125, 7.372, 121.223, 1104)
useAbility1("Air-Drop", 16.954, 2.794, 1, -0.964, 1.125, 7.350, 121.223, 1104)
useAbility1("Air-Drop", 16.954, 2.794, 1, -0.565, 1.125, 7.327, 121.223, 1104)
useAbility1("Air-Drop", 16.954, 2.794, 1, -0.570, 1.125, 7.327, 121.223, 1104)
useAbility1("Air-Drop", 16.954, 2.794, 1, -0.570, 1.125, 7.327, 121.223, 1104)
useAbility1("Airstrike", 20.450, 12.313, 1, -5.825, 1.125, 3.007, 45.225, 1106)
useAbility3("Hologram Tower", 4.546, -3.354, 7.712, 9.374, 12.617, 2.431, 1112)
useAbility0("Hologram Tower", 4.546, -3.354, 1117)
useAbility3("Hologram Tower", 4.546, -3.354, 20.900, 5.912, 11.862, 3.553, 1120)
useAbility1("Air-Drop", 12.730, 9.736, 1, 16.611, 1.125, 8.833, 138.174, 1124)
useAbility1("Air-Drop", 12.730, 9.736, 1, 16.623, 1.125, 8.877, 138.174, 1124)
useAbility1("Air-Drop", 20.900, 5.912, 1, 16.654, 1.125, 8.989, 138.174, 1125)
useAbility1("Air-Drop", 20.900, 5.912, 1, 16.651, 1.125, 8.979, 138.174, 1125)
useAbility1("Air-Drop", 7.712, 9.374, 1, 16.585, 1.125, 8.735, 137.610, 1125)
useAbility1("Air-Drop", 15.054, 19.101, 1, 16.585, 1.125, 8.735, 137.610, 1125)
SetTower("Unit 1", "Riot Guard", 11.862, 3.553, 1128)
SetTower("Unit 2", "Riot Guard", 11.862, 3.553, 1130)
SetTower("Unit 3", "Riot Guard", 11.862, 3.553, 1131)
SetTower("Unit 2", "Riot Guard", 14.617, -1.904, 1135)
SetTower("Unit 3", "Riot Guard", 14.617, -1.904, 1135)
SetTower("Unit 1", "Riot Guard", 14.617, -1.904, 1136)
useAbility1("Air-Drop", 11.862, 3.553, 1, 13.183, 1.125, 7.055, 134.652, 1139)
useAbility1("Air-Drop", 11.862, 3.553, 1, 13.096, 1.125, 7.046, 134.652, 1140)
useAbility1("Air-Drop", 11.862, 3.553, 1, 10.316, 1.125, 6.867, 132.072, 1140)
useAbility1("Air-Drop", 11.862, 3.553, 1, 7.942, 1.125, 6.803, 128.560, 1140)
useAbility1("Airstrike", 25.206, 12.401, 1, 8.667, 1.125, 6.811, 27.540, 1140)
useAbility1("Airstrike", 25.206, 12.401, 1, 8.520, 1.125, 6.809, 27.540, 1143)
useAbility1("Airstrike", 25.206, 12.401, 1, 8.492, 1.125, 6.809, 27.540, 1143)
useAbility1("Airstrike", 25.206, 12.401, 1, 8.564, 1.125, 6.810, 27.540, 1143)
useAbility1("Airstrike", 25.206, 12.401, 1, 8.547, 1.125, 6.810, 27.540, 1143)
useAbility1("Airstrike", 25.206, 12.401, 1, 8.547, 1.125, 6.810, 27.540, 1143)
useAbility1("Airstrike", 25.206, 12.401, 1, 8.762, 1.125, 6.814, 24.028, 1143)
useAbility1("Airstrike", 25.206, 12.401, 1, 9.558, 1.125, 6.839, 24.028, 1143)
useAbility1("Airstrike", 25.206, 12.401, 1, 9.668, 1.125, 6.843, 24.028, 1144)
useAbility1("Airstrike", 25.206, 12.401, 1, 9.668, 1.125, 6.843, 24.028, 1144)
useAbility1("Airstrike", 25.206, 12.401, 1, 9.795, 1.125, 6.848, 24.028, 1144)
useAbility1("Airstrike", 25.206, 12.401, 1, 11.002, 1.125, 6.895, 24.028, 1144)
useAbility1("Airstrike", 25.206, 12.401, 1, 11.953, 1.125, 6.939, 24.028, 1144)
useAbility1("Airstrike", 25.206, 12.401, 1, 12.636, 1.125, 6.997, 21.448, 1144)
useAbility1("Airstrike", 19.656, 19.170, 1, 12.636, 1.125, 6.997, 21.448, 1144)
useAbility1("Airstrike", 27.958, 21.465, 1, 12.737, 1.125, 7.007, 21.448, 1145)
useAbility1("Airstrike", 27.958, 21.465, 1, 12.722, 1.125, 7.006, 21.448, 1145)
